wavelength extinction
320.0 8.564351e-01
320.2 8.401497e-01
320.4 8.122926e-01
320.6 7.808691e-01
320.8 7.531786e-01
321.0 7.358538e-01
321.2 7.332947e-01
321.4 7.421355e-01
321.6 7.572427e-01
321.8 7.733466e-01
322.0 7.848526e-01
322.2 7.872009e-01
322.4 7.810003e-01
322.6 7.683178e-01
322.8 7.512831e-01
323.0 7.319818e-01
323.2 7.124101e-01
323.4 6.945032e-01
323.6 6.800987e-01
323.8 6.709683e-01
324.0 6.688941e-01
324.2 6.748287e-01
324.4 6.860856e-01
324.6 6.989885e-01
324.8 7.096866e-01
325.0 7.141609e-01
325.2 7.095289e-01
325.4 6.976715e-01
325.6 6.816941e-01
325.8 6.646179e-01
326.0 6.493096e-01
326.2 6.380119e-01
326.4 6.309943e-01
326.6 6.280900e-01
326.8 6.291818e-01
327.0 6.341981e-01
327.2 6.427227e-01
327.4 6.527956e-01
327.6 6.619896e-01
327.8 6.677827e-01
328.0 6.676064e-01
328.2 6.598190e-01
328.4 6.463556e-01
328.6 6.300185e-01
328.8 6.135032e-01
329.0 5.993626e-01
329.2 5.895396e-01
329.4 5.839694e-01
329.6 5.821429e-01
329.8 5.835955e-01
330.0 5.878912e-01
330.2 5.944254e-01
330.4 6.018475e-01
330.6 6.085793e-01
330.8 6.129955e-01
331.0 6.134459e-01
331.2 6.088691e-01
331.4 6.005202e-01
331.6 5.902290e-01
331.8 5.797849e-01
332.0 5.709202e-01
332.2 5.649475e-01
332.4 5.616757e-01
332.6 5.605615e-01
332.8 5.610776e-01
333.0 5.627017e-01
333.2 5.649039e-01
333.4 5.671206e-01
333.6 5.687742e-01
333.8 5.692809e-01
334.0 5.680560e-01
334.2 5.647368e-01
334.4 5.598341e-01
334.6 5.540743e-01
334.8 5.481756e-01
335.0 5.428444e-01
335.2 5.386516e-01
335.4 5.356632e-01
335.6 5.338235e-01
335.8 5.330808e-01
336.0 5.333868e-01
336.2 5.346185e-01
336.4 5.363425e-01
336.6 5.380438e-01
336.8 5.392016e-01
337.0 5.392911e-01
337.2 5.379381e-01
337.4 5.353757e-01
337.6 5.319909e-01
337.8 5.281702e-01
338.0 5.242974e-01
338.2 5.207139e-01
338.4 5.176033e-01
338.6 5.151100e-01
338.8 5.133782e-01
339.0 5.125536e-01
339.2 5.126800e-01
339.4 5.133871e-01
339.6 5.141988e-01
339.8 5.146360e-01
340.0 5.142166e-01
340.2 5.126065e-01
340.4 5.100652e-01
340.6 5.070012e-01
340.8 5.038213e-01
341.0 5.009295e-01
341.2 4.986319e-01
341.4 4.968506e-01
341.6 4.954136e-01
341.8 4.941492e-01
342.0 4.928859e-01
342.2 4.915102e-01
342.4 4.901386e-01
342.6 4.889454e-01
342.8 4.881048e-01
343.0 4.877915e-01
343.2 4.880908e-01
343.4 4.887273e-01
343.6 4.893335e-01
343.8 4.895395e-01
344.0 4.889740e-01
344.2 4.873864e-01
344.4 4.850093e-01
344.6 4.821963e-01
344.8 4.792998e-01
345.0 4.766699e-01
345.2 4.745761e-01
345.4 4.729729e-01
345.6 4.717371e-01
345.8 4.707460e-01
346.0 4.698768e-01
346.2 4.690245e-01
346.4 4.681535e-01
346.6 4.672455e-01
346.8 4.662825e-01
347.0 4.652461e-01
347.2 4.641249e-01
347.4 4.629337e-01
347.6 4.616942e-01
347.8 4.604281e-01
348.0 4.591568e-01
348.2 4.578996e-01
348.4 4.566661e-01
348.6 4.554633e-01
348.8 4.542985e-01
349.0 4.531787e-01
349.2 4.521067e-01
349.4 4.510674e-01
349.6 4.500410e-01
349.8 4.490079e-01
350.0 4.479486e-01
350.2 4.468499e-01
350.4 4.457242e-01
350.6 4.445907e-01
350.8 4.434682e-01
351.0 4.423759e-01
351.2 4.413275e-01
351.4 4.403165e-01
351.6 4.393311e-01
351.8 4.383597e-01
352.0 4.373907e-01
352.2 4.364146e-01
352.4 4.354323e-01
352.6 4.344468e-01
352.8 4.334613e-01
353.0 4.324789e-01
353.2 4.315020e-01
353.4 4.305304e-01
353.6 4.295633e-01
353.8 4.285999e-01
354.0 4.276392e-01
354.2 4.266807e-01
354.4 4.257244e-01
354.6 4.247704e-01
354.8 4.238190e-01
355.0 4.228705e-01
355.2 4.219249e-01
355.4 4.209822e-01
355.6 4.200425e-01
355.8 4.191055e-01
356.0 4.181713e-01
356.2 4.172397e-01
356.4 4.163109e-01
356.6 4.153847e-01
356.8 4.144612e-01
357.0 4.135404e-01
357.2 4.126224e-01
357.4 4.117070e-01
357.6 4.107942e-01
357.8 4.098842e-01
358.0 4.089768e-01
358.2 4.080720e-01
358.4 4.071698e-01
358.6 4.062703e-01
358.8 4.053734e-01
359.0 4.044790e-01
359.2 4.035873e-01
359.4 4.026981e-01
359.6 4.018116e-01
359.8 4.009275e-01
360.0 4.000461e-01
360.2 3.991672e-01
360.4 3.982908e-01
360.6 3.974170e-01
360.8 3.965456e-01
361.0 3.956768e-01
361.2 3.948105e-01
361.4 3.939467e-01
361.6 3.930854e-01
361.8 3.922265e-01
362.0 3.913701e-01
362.2 3.905162e-01
362.4 3.896647e-01
362.6 3.888156e-01
362.8 3.879690e-01
363.0 3.871249e-01
363.2 3.862831e-01
363.4 3.854437e-01
363.6 3.846067e-01
363.8 3.837722e-01
364.0 3.829400e-01
364.2 3.821102e-01
364.4 3.812827e-01
364.6 3.804576e-01
364.8 3.796349e-01
365.0 3.788145e-01
365.2 3.779964e-01
365.4 3.771806e-01
365.6 3.763672e-01
365.8 3.755561e-01
366.0 3.747473e-01
366.2 3.739407e-01
366.4 3.731365e-01
366.6 3.723345e-01
366.8 3.715348e-01
367.0 3.707374e-01
367.2 3.699422e-01
367.4 3.691493e-01
367.6 3.683586e-01
367.8 3.675701e-01
368.0 3.667838e-01
368.2 3.659998e-01
368.4 3.652180e-01
368.6 3.644383e-01
368.8 3.636609e-01
369.0 3.628857e-01
369.2 3.621126e-01
369.4 3.613417e-01
369.6 3.605729e-01
369.8 3.598063e-01
370.0 3.590419e-01
370.2 3.582796e-01
370.4 3.575194e-01
370.6 3.567614e-01
370.8 3.560054e-01
371.0 3.552516e-01
371.2 3.544999e-01
371.4 3.537503e-01
371.6 3.530028e-01
371.8 3.522573e-01
372.0 3.515140e-01
372.2 3.507726e-01
372.4 3.500334e-01
372.6 3.492962e-01
372.8 3.485611e-01
373.0 3.478280e-01
373.2 3.470969e-01
373.4 3.463679e-01
373.6 3.456409e-01
373.8 3.449159e-01
374.0 3.441929e-01
374.2 3.434719e-01
374.4 3.427528e-01
374.6 3.420358e-01
374.8 3.413208e-01
375.0 3.406077e-01
375.2 3.398966e-01
375.4 3.391874e-01
375.6 3.384802e-01
375.8 3.377750e-01
376.0 3.370717e-01
376.2 3.363703e-01
376.4 3.356708e-01
376.6 3.349733e-01
376.8 3.342777e-01
377.0 3.335840e-01
377.2 3.328921e-01
377.4 3.322023e-01
377.6 3.315142e-01
377.8 3.308281e-01
378.0 3.301438e-01
378.2 3.294614e-01
378.4 3.287808e-01
378.6 3.281022e-01
378.8 3.274253e-01
379.0 3.267503e-01
379.2 3.260772e-01
379.4 3.254059e-01
379.6 3.247364e-01
379.8 3.240687e-01
380.0 3.234028e-01
380.2 3.227388e-01
380.4 3.220765e-01
380.6 3.214161e-01
380.8 3.207574e-01
381.0 3.201005e-01
381.2 3.194454e-01
381.4 3.187921e-01
381.6 3.181405e-01
381.8 3.174907e-01
382.0 3.168426e-01
382.2 3.161964e-01
382.4 3.155518e-01
382.6 3.149090e-01
382.8 3.142679e-01
383.0 3.136285e-01
383.2 3.129909e-01
383.4 3.123550e-01
383.6 3.117207e-01
383.8 3.110882e-01
384.0 3.104574e-01
384.2 3.098283e-01
384.4 3.092008e-01
384.6 3.085751e-01
384.8 3.079510e-01
385.0 3.073286e-01
385.2 3.067078e-01
385.4 3.060887e-01
385.6 3.054713e-01
385.8 3.048555e-01
386.0 3.042414e-01
386.2 3.036289e-01
386.4 3.030180e-01
386.6 3.024087e-01
386.8 3.018011e-01
387.0 3.011951e-01
387.2 3.005907e-01
387.4 2.999879e-01
387.6 2.993867e-01
387.8 2.987871e-01
388.0 2.981891e-01
388.2 2.975927e-01
388.4 2.969978e-01
388.6 2.964046e-01
388.8 2.958129e-01
389.0 2.952228e-01
389.2 2.946342e-01
389.4 2.940472e-01
389.6 2.934617e-01
389.8 2.928778e-01
390.0 2.922954e-01
390.2 2.917145e-01
390.4 2.911353e-01
390.6 2.905574e-01
390.8 2.899812e-01
391.0 2.894064e-01
391.2 2.888332e-01
391.4 2.882614e-01
391.6 2.876912e-01
391.8 2.871224e-01
392.0 2.865552e-01
392.2 2.859894e-01
392.4 2.854251e-01
392.6 2.848623e-01
392.8 2.843010e-01
393.0 2.837411e-01
393.2 2.831827e-01
393.4 2.826258e-01
393.6 2.820702e-01
393.8 2.815162e-01
394.0 2.809636e-01
394.2 2.804124e-01
394.4 2.798627e-01
394.6 2.793144e-01
394.8 2.787675e-01
395.0 2.782221e-01
395.2 2.776780e-01
395.4 2.771354e-01
395.6 2.765942e-01
395.8 2.760544e-01
396.0 2.755160e-01
396.2 2.749789e-01
396.4 2.744433e-01
396.6 2.739091e-01
396.8 2.733762e-01
397.0 2.728447e-01
397.2 2.723146e-01
397.4 2.717859e-01
397.6 2.712585e-01
397.8 2.707324e-01
398.0 2.702078e-01
398.2 2.696845e-01
398.4 2.691625e-01
398.6 2.686419e-01
398.8 2.681226e-01
399.0 2.676046e-01
399.2 2.670880e-01
399.4 2.665727e-01
399.6 2.660587e-01
399.8 2.655460e-01
400.0 2.650347e-01
400.2 2.645246e-01
400.4 2.640159e-01
400.6 2.635085e-01
400.8 2.630023e-01
401.0 2.624975e-01
401.2 2.619940e-01
401.4 2.614917e-01
401.6 2.609907e-01
401.8 2.604910e-01
402.0 2.599925e-01
402.2 2.594952e-01
402.4 2.589992e-01
402.6 2.585045e-01
402.8 2.580112e-01
403.0 2.575193e-01
403.2 2.570288e-01
403.4 2.565396e-01
403.6 2.560514e-01
403.8 2.555640e-01
404.0 2.550772e-01
404.2 2.545910e-01
404.4 2.541060e-01
404.6 2.536230e-01
404.8 2.531427e-01
405.0 2.526660e-01
405.2 2.521932e-01
405.4 2.517240e-01
405.6 2.512575e-01
405.8 2.507929e-01
406.0 2.503293e-01
406.2 2.498661e-01
406.4 2.494035e-01
406.6 2.489417e-01
406.8 2.484809e-01
407.0 2.480213e-01
407.2 2.475633e-01
407.4 2.471067e-01
407.6 2.466513e-01
407.8 2.461971e-01
408.0 2.457438e-01
408.2 2.452914e-01
408.4 2.448400e-01
408.6 2.443898e-01
408.8 2.439411e-01
409.0 2.434941e-01
409.2 2.430488e-01
409.4 2.426048e-01
409.6 2.421612e-01
409.8 2.417175e-01
410.0 2.412729e-01
410.2 2.408269e-01
410.4 2.403801e-01
410.6 2.399330e-01
410.8 2.394863e-01
411.0 2.390407e-01
411.2 2.385967e-01
411.4 2.381544e-01
411.6 2.377134e-01
411.8 2.372737e-01
412.0 2.368351e-01
412.2 2.363974e-01
412.4 2.359607e-01
412.6 2.355249e-01
412.8 2.350903e-01
413.0 2.346567e-01
413.2 2.342242e-01
413.4 2.337928e-01
413.6 2.333626e-01
413.8 2.329333e-01
414.0 2.325050e-01
414.2 2.320777e-01
414.4 2.316515e-01
414.6 2.312266e-01
414.8 2.308030e-01
415.0 2.303808e-01
415.2 2.299602e-01
415.4 2.295411e-01
415.6 2.291233e-01
415.8 2.287066e-01
416.0 2.282910e-01
416.2 2.278763e-01
416.4 2.274625e-01
416.6 2.270497e-01
416.8 2.266378e-01
417.0 2.262269e-01
417.2 2.258170e-01
417.4 2.254082e-01
417.6 2.250004e-01
417.8 2.245936e-01
418.0 2.241880e-01
418.2 2.237834e-01
418.4 2.233798e-01
418.6 2.229771e-01
418.8 2.225752e-01
419.0 2.221739e-01
419.2 2.217732e-01
419.4 2.213734e-01
419.6 2.209751e-01
419.8 2.205786e-01
420.0 2.201843e-01
420.2 2.197926e-01
420.4 2.194031e-01
420.6 2.190155e-01
420.8 2.186293e-01
421.0 2.182441e-01
421.2 2.178596e-01
421.4 2.174757e-01
421.6 2.170925e-01
421.8 2.167102e-01
422.0 2.163288e-01
422.2 2.159484e-01
422.4 2.155689e-01
422.6 2.151904e-01
422.8 2.148127e-01
423.0 2.144358e-01
423.2 2.140597e-01
423.4 2.136844e-01
423.6 2.133102e-01
423.8 2.129373e-01
424.0 2.125659e-01
424.2 2.121960e-01
424.4 2.118270e-01
424.6 2.114584e-01
424.8 2.110896e-01
425.0 2.107198e-01
425.2 2.103487e-01
425.4 2.099767e-01
425.6 2.096044e-01
425.8 2.092324e-01
426.0 2.088613e-01
426.2 2.084916e-01
426.4 2.081233e-01
426.6 2.077562e-01
426.8 2.073901e-01
427.0 2.070249e-01
427.2 2.066603e-01
427.4 2.062965e-01
427.6 2.059335e-01
427.8 2.055714e-01
428.0 2.052103e-01
428.2 2.048501e-01
428.4 2.044908e-01
428.6 2.041323e-01
428.8 2.037744e-01
429.0 2.034171e-01
429.2 2.030602e-01
429.4 2.027040e-01
429.6 2.023492e-01
429.8 2.019960e-01
430.0 2.016450e-01
430.2 2.012964e-01
430.4 2.009498e-01
430.6 2.006049e-01
430.8 2.002611e-01
431.0 1.999180e-01
431.2 1.995752e-01
431.4 1.992327e-01
431.6 1.988908e-01
431.8 1.985497e-01
432.0 1.982094e-01
432.2 1.978703e-01
432.4 1.975322e-01
432.6 1.971950e-01
432.8 1.968587e-01
433.0 1.965232e-01
433.2 1.961885e-01
433.4 1.958543e-01
433.6 1.955207e-01
433.8 1.951876e-01
434.0 1.948549e-01
434.2 1.945227e-01
434.4 1.941913e-01
434.6 1.938613e-01
434.8 1.935331e-01
435.0 1.932073e-01
435.2 1.928842e-01
435.4 1.925635e-01
435.6 1.922445e-01
435.8 1.919268e-01
436.0 1.916097e-01
436.2 1.912929e-01
436.4 1.909763e-01
436.6 1.906604e-01
436.8 1.903453e-01
437.0 1.900312e-01
437.2 1.897182e-01
437.4 1.894063e-01
437.6 1.890951e-01
437.8 1.887843e-01
438.0 1.884737e-01
438.2 1.881630e-01
438.4 1.878527e-01
438.6 1.875430e-01
438.8 1.872344e-01
439.0 1.869272e-01
439.2 1.866218e-01
439.4 1.863176e-01
439.6 1.860141e-01
439.8 1.857107e-01
440.0 1.854067e-01
440.2 1.851017e-01
440.4 1.847961e-01
440.6 1.844904e-01
440.8 1.841852e-01
441.0 1.838809e-01
441.2 1.835779e-01
441.4 1.832760e-01
441.6 1.829749e-01
441.8 1.826744e-01
442.0 1.823739e-01
442.2 1.820734e-01
442.4 1.817731e-01
442.6 1.814732e-01
442.8 1.811741e-01
443.0 1.808761e-01
443.2 1.805795e-01
443.4 1.802842e-01
443.6 1.799900e-01
443.8 1.796967e-01
444.0 1.794041e-01
444.2 1.791121e-01
444.4 1.788206e-01
444.6 1.785295e-01
444.8 1.782387e-01
445.0 1.779481e-01
445.2 1.776577e-01
445.4 1.773677e-01
445.6 1.770784e-01
445.8 1.767899e-01
446.0 1.765025e-01
446.2 1.762165e-01
446.4 1.759315e-01
446.6 1.756473e-01
446.8 1.753636e-01
447.0 1.750800e-01
447.2 1.747964e-01
447.4 1.745131e-01
447.6 1.742302e-01
447.8 1.739483e-01
448.0 1.736675e-01
448.2 1.733881e-01
448.4 1.731098e-01
448.6 1.728322e-01
448.8 1.725549e-01
449.0 1.722774e-01
449.2 1.719997e-01
449.4 1.717221e-01
449.6 1.714453e-01
449.8 1.711701e-01
450.0 1.708970e-01
450.2 1.706266e-01
450.4 1.703585e-01
450.6 1.700921e-01
450.8 1.698267e-01
451.0 1.695619e-01
451.2 1.692971e-01
451.4 1.690325e-01
451.6 1.687683e-01
451.8 1.685048e-01
452.0 1.682422e-01
452.2 1.679808e-01
452.4 1.677205e-01
452.6 1.674612e-01
452.8 1.672028e-01
453.0 1.669453e-01
453.2 1.666884e-01
453.4 1.664316e-01
453.6 1.661744e-01
453.8 1.659161e-01
454.0 1.656561e-01
454.2 1.653944e-01
454.4 1.651332e-01
454.6 1.648754e-01
454.8 1.646236e-01
455.0 1.643806e-01
455.2 1.641484e-01
455.4 1.639250e-01
455.6 1.637076e-01
455.8 1.634934e-01
456.0 1.632794e-01
456.2 1.630635e-01
456.4 1.628460e-01
456.6 1.626276e-01
456.8 1.624092e-01
457.0 1.621916e-01
457.2 1.619755e-01
457.4 1.617605e-01
457.6 1.615463e-01
457.8 1.613323e-01
458.0 1.611182e-01
458.2 1.609036e-01
458.4 1.606894e-01
458.6 1.604765e-01
458.8 1.602660e-01
459.0 1.600589e-01
459.2 1.598553e-01
459.4 1.596526e-01
459.6 1.594471e-01
459.8 1.592353e-01
460.0 1.590135e-01
460.2 1.587795e-01
460.4 1.585355e-01
460.6 1.582850e-01
460.8 1.580317e-01
461.0 1.577789e-01
461.2 1.575296e-01
461.4 1.572836e-01
461.6 1.570402e-01
461.8 1.567985e-01
462.0 1.565579e-01
462.2 1.563175e-01
462.4 1.560774e-01
462.6 1.558376e-01
462.8 1.555980e-01
463.0 1.553586e-01
463.2 1.551196e-01
463.4 1.548807e-01
463.6 1.546419e-01
463.8 1.544031e-01
464.0 1.541641e-01
464.2 1.539251e-01
464.4 1.536866e-01
464.6 1.534495e-01
464.8 1.532145e-01
465.0 1.529826e-01
465.2 1.527542e-01
465.4 1.525286e-01
465.6 1.523049e-01
465.8 1.520822e-01
466.0 1.518594e-01
466.2 1.516359e-01
466.4 1.514119e-01
466.6 1.511878e-01
466.8 1.509642e-01
467.0 1.507415e-01
467.2 1.505200e-01
467.4 1.502996e-01
467.6 1.500800e-01
467.8 1.498611e-01
468.0 1.496424e-01
468.2 1.494238e-01
468.4 1.492052e-01
468.6 1.489867e-01
468.8 1.487680e-01
469.0 1.485493e-01
469.2 1.483307e-01
469.4 1.481130e-01
469.6 1.478972e-01
469.8 1.476845e-01
470.0 1.474758e-01
470.2 1.472718e-01
470.4 1.470715e-01
470.6 1.468738e-01
470.8 1.466774e-01
471.0 1.464809e-01
471.2 1.462835e-01
471.4 1.460853e-01
471.6 1.458870e-01
471.8 1.456889e-01
472.0 1.454916e-01
472.2 1.452956e-01
472.4 1.451007e-01
472.6 1.449069e-01
472.8 1.447138e-01
473.0 1.445214e-01
473.2 1.443294e-01
473.4 1.441373e-01
473.6 1.439444e-01
473.8 1.437503e-01
474.0 1.435543e-01
474.2 1.433566e-01
474.4 1.431597e-01
474.6 1.429669e-01
474.8 1.427816e-01
475.0 1.426071e-01
475.2 1.424456e-01
475.4 1.422947e-01
475.6 1.421513e-01
475.8 1.420120e-01
476.0 1.418733e-01
476.2 1.417328e-01
476.4 1.415903e-01
476.6 1.414466e-01
476.8 1.413024e-01
477.0 1.411582e-01
477.2 1.410147e-01
477.4 1.408719e-01
477.6 1.407298e-01
477.8 1.405881e-01
478.0 1.404468e-01
478.2 1.403059e-01
478.4 1.401657e-01
478.6 1.400267e-01
478.8 1.398892e-01
479.0 1.397536e-01
479.2 1.396200e-01
479.4 1.394865e-01
479.6 1.393508e-01
479.8 1.392107e-01
480.0 1.390639e-01
480.2 1.389089e-01
480.4 1.387475e-01
480.6 1.385820e-01
480.8 1.384151e-01
481.0 1.382492e-01
481.2 1.380862e-01
481.4 1.379259e-01
481.6 1.377673e-01
481.8 1.376098e-01
482.0 1.374522e-01
482.2 1.372941e-01
482.4 1.371355e-01
482.6 1.369765e-01
482.8 1.368173e-01
483.0 1.366583e-01
483.2 1.364996e-01
483.4 1.363419e-01
483.6 1.361860e-01
483.8 1.360324e-01
484.0 1.358820e-01
484.2 1.357346e-01
484.4 1.355873e-01
484.6 1.354365e-01
484.8 1.352784e-01
485.0 1.351093e-01
485.2 1.349268e-01
485.4 1.347335e-01
485.6 1.345332e-01
485.8 1.343298e-01
486.0 1.341270e-01
486.2 1.339280e-01
486.4 1.337324e-01
486.6 1.335392e-01
486.8 1.333472e-01
487.0 1.331555e-01
487.2 1.329631e-01
487.4 1.327702e-01
487.6 1.325774e-01
487.8 1.323851e-01
488.0 1.321937e-01
488.2 1.320035e-01
488.4 1.318140e-01
488.6 1.316243e-01
488.8 1.314337e-01
489.0 1.312414e-01
489.2 1.310472e-01
489.4 1.308531e-01
489.6 1.306618e-01
489.8 1.304757e-01
490.0 1.302974e-01
490.2 1.301288e-01
490.4 1.299680e-01
490.6 1.298125e-01
490.8 1.296598e-01
491.0 1.295071e-01
491.2 1.293526e-01
491.4 1.291964e-01
491.6 1.290392e-01
491.8 1.288818e-01
492.0 1.287249e-01
492.2 1.285692e-01
492.4 1.284148e-01
492.6 1.282617e-01
492.8 1.281098e-01
493.0 1.279592e-01
493.2 1.278097e-01
493.4 1.276599e-01
493.6 1.275085e-01
493.8 1.273541e-01
494.0 1.271951e-01
494.2 1.270314e-01
494.4 1.268680e-01
494.6 1.267110e-01
494.8 1.265665e-01
495.0 1.264409e-01
495.2 1.263382e-01
495.4 1.262535e-01
495.6 1.261801e-01
495.8 1.261110e-01
496.0 1.260394e-01
496.2 1.259602e-01
496.4 1.258754e-01
496.6 1.257886e-01
496.8 1.257037e-01
497.0 1.256245e-01
497.2 1.255535e-01
497.4 1.254889e-01
497.6 1.254274e-01
497.8 1.253658e-01
498.0 1.253012e-01
498.2 1.252311e-01
498.4 1.251558e-01
498.6 1.250766e-01
498.8 1.249947e-01
499.0 1.249111e-01
499.2 1.248272e-01
499.4 1.247449e-01
499.6 1.246665e-01
499.8 1.245940e-01
500.0 1.245295e-01
500.2 1.244744e-01
500.4 1.244270e-01
500.6 1.243847e-01
500.8 1.243450e-01
501.0 1.243053e-01
501.2 1.242636e-01
501.4 1.242203e-01
501.6 1.241763e-01
501.8 1.241324e-01
502.0 1.240896e-01
502.2 1.240483e-01
502.4 1.240080e-01
502.6 1.239675e-01
502.8 1.239259e-01
503.0 1.238822e-01
503.2 1.238360e-01
503.4 1.237898e-01
503.6 1.237468e-01
503.8 1.237102e-01
504.0 1.236831e-01
504.2 1.236662e-01
504.4 1.236503e-01
504.6 1.236236e-01
504.8 1.235745e-01
505.0 1.234911e-01
505.2 1.233656e-01
505.4 1.232055e-01
505.6 1.230222e-01
505.8 1.228272e-01
506.0 1.226317e-01
506.2 1.224451e-01
506.4 1.222681e-01
506.6 1.220990e-01
506.8 1.219365e-01
507.0 1.217790e-01
507.2 1.216249e-01
507.4 1.214727e-01
507.6 1.213205e-01
507.8 1.211667e-01
508.0 1.210095e-01
508.2 1.208476e-01
508.4 1.206818e-01
508.6 1.205133e-01
508.8 1.203432e-01
509.0 1.201728e-01
509.2 1.200031e-01
509.4 1.198348e-01
509.6 1.196682e-01
509.8 1.195040e-01
510.0 1.193424e-01
510.2 1.191841e-01
510.4 1.190296e-01
510.6 1.188795e-01
510.8 1.187345e-01
511.0 1.185950e-01
511.2 1.184613e-01
511.4 1.183308e-01
511.6 1.182008e-01
511.8 1.180684e-01
512.0 1.179306e-01
512.2 1.177857e-01
512.4 1.176363e-01
512.6 1.174860e-01
512.8 1.173385e-01
513.0 1.171975e-01
513.2 1.170653e-01
513.4 1.169387e-01
513.6 1.168130e-01
513.8 1.166837e-01
514.0 1.165461e-01
514.2 1.163978e-01
514.4 1.162442e-01
514.6 1.160928e-01
514.8 1.159513e-01
515.0 1.158270e-01
515.2 1.157252e-01
515.4 1.156407e-01
515.6 1.155659e-01
515.8 1.154934e-01
516.0 1.154156e-01
516.2 1.153270e-01
516.4 1.152300e-01
516.6 1.151294e-01
516.8 1.150296e-01
517.0 1.149353e-01
517.2 1.148498e-01
517.4 1.147707e-01
517.6 1.146945e-01
517.8 1.146176e-01
518.0 1.145366e-01
518.2 1.144487e-01
518.4 1.143555e-01
518.6 1.142596e-01
518.8 1.141635e-01
519.0 1.140697e-01
519.2 1.139805e-01
519.4 1.138968e-01
519.6 1.138193e-01
519.8 1.137486e-01
520.0 1.136853e-01
520.2 1.136297e-01
520.4 1.135806e-01
520.6 1.135363e-01
520.8 1.134953e-01
521.0 1.134559e-01
521.2 1.134165e-01
521.4 1.133759e-01
521.6 1.133328e-01
521.8 1.132860e-01
522.0 1.132342e-01
522.2 1.131768e-01
522.4 1.131161e-01
522.6 1.130550e-01
522.8 1.129963e-01
523.0 1.129431e-01
523.2 1.128971e-01
523.4 1.128563e-01
523.6 1.128175e-01
523.8 1.127775e-01
524.0 1.127332e-01
524.2 1.126830e-01
524.4 1.126315e-01
524.6 1.125849e-01
524.8 1.125493e-01
525.0 1.125308e-01
525.2 1.125334e-01
525.4 1.125522e-01
525.6 1.125799e-01
525.8 1.126094e-01
526.0 1.126334e-01
526.2 1.126469e-01
526.4 1.126524e-01
526.6 1.126545e-01
526.8 1.126581e-01
527.0 1.126676e-01
527.2 1.126863e-01
527.4 1.127115e-01
527.6 1.127387e-01
527.8 1.127637e-01
528.0 1.127823e-01
528.2 1.127916e-01
528.4 1.127955e-01
528.6 1.127994e-01
528.8 1.128084e-01
529.0 1.128281e-01
529.2 1.128612e-01
529.4 1.129004e-01
529.6 1.129357e-01
529.8 1.129574e-01
530.0 1.129554e-01
530.2 1.129231e-01
530.4 1.128662e-01
530.6 1.127936e-01
530.8 1.127141e-01
531.0 1.126367e-01
531.2 1.125682e-01
531.4 1.125067e-01
531.6 1.124483e-01
531.8 1.123890e-01
532.0 1.123249e-01
532.2 1.122532e-01
532.4 1.121759e-01
532.6 1.120962e-01
532.8 1.120173e-01
533.0 1.119425e-01
533.2 1.118740e-01
533.4 1.118112e-01
533.6 1.117526e-01
533.8 1.116967e-01
534.0 1.116420e-01
534.2 1.115870e-01
534.4 1.115309e-01
534.6 1.114726e-01
534.8 1.114113e-01
535.0 1.113460e-01
535.2 1.112764e-01
535.4 1.112035e-01
535.6 1.111289e-01
535.8 1.110544e-01
536.0 1.109813e-01
536.2 1.109109e-01
536.4 1.108416e-01
536.6 1.107715e-01
536.8 1.106986e-01
537.0 1.106210e-01
537.2 1.105375e-01
537.4 1.104500e-01
537.6 1.103614e-01
537.8 1.102744e-01
538.0 1.101918e-01
538.2 1.101156e-01
538.4 1.100445e-01
538.6 1.099765e-01
538.8 1.099098e-01
539.0 1.098422e-01
539.2 1.097723e-01
539.4 1.097013e-01
539.6 1.096308e-01
539.8 1.095624e-01
540.0 1.094978e-01
540.2 1.094382e-01
540.4 1.093830e-01
540.6 1.093312e-01
540.8 1.092819e-01
541.0 1.092340e-01
541.2 1.091864e-01
541.4 1.091380e-01
541.6 1.090875e-01
541.8 1.090337e-01
542.0 1.089753e-01
542.2 1.089117e-01
542.4 1.088447e-01
542.6 1.087765e-01
542.8 1.087096e-01
543.0 1.086463e-01
543.2 1.085884e-01
543.4 1.085356e-01
543.6 1.084868e-01
543.8 1.084412e-01
544.0 1.083978e-01
544.2 1.083555e-01
544.4 1.083122e-01
544.6 1.082657e-01
544.8 1.082138e-01
545.0 1.081543e-01
545.2 1.080858e-01
545.4 1.080100e-01
545.6 1.079296e-01
545.8 1.078470e-01
546.0 1.077648e-01
546.2 1.076851e-01
546.4 1.076077e-01
546.6 1.075318e-01
546.8 1.074565e-01
547.0 1.073813e-01
547.2 1.073054e-01
547.4 1.072290e-01
547.6 1.071527e-01
547.8 1.070767e-01
548.0 1.070014e-01
548.2 1.069270e-01
548.4 1.068531e-01
548.6 1.067788e-01
548.8 1.067034e-01
549.0 1.066262e-01
549.2 1.065471e-01
549.4 1.064679e-01
549.6 1.063912e-01
549.8 1.063197e-01
550.0 1.062558e-01
550.2 1.062012e-01
550.4 1.061547e-01
550.6 1.061139e-01
550.8 1.060767e-01
551.0 1.060410e-01
551.2 1.060046e-01
551.4 1.059663e-01
551.6 1.059252e-01
551.8 1.058800e-01
552.0 1.058297e-01
552.2 1.057740e-01
552.4 1.057150e-01
552.6 1.056558e-01
552.8 1.055994e-01
553.0 1.055485e-01
553.2 1.055053e-01
553.4 1.054670e-01
553.6 1.054302e-01
553.8 1.053912e-01
554.0 1.053464e-01
554.2 1.052941e-01
554.4 1.052404e-01
554.6 1.051930e-01
554.8 1.051598e-01
555.0 1.051487e-01
555.2 1.051653e-01
555.4 1.052055e-01
555.6 1.052632e-01
555.8 1.053322e-01
556.0 1.054061e-01
556.2 1.054797e-01
556.4 1.055511e-01
556.6 1.056194e-01
556.8 1.056837e-01
557.0 1.057431e-01
557.2 1.057971e-01
557.4 1.058481e-01
557.6 1.058986e-01
557.8 1.059514e-01
558.0 1.060091e-01
558.2 1.060737e-01
558.4 1.061432e-01
558.6 1.062150e-01
558.8 1.062864e-01
559.0 1.063547e-01
559.2 1.064176e-01
559.4 1.064756e-01
559.6 1.065296e-01
559.8 1.065804e-01
560.0 1.066291e-01
560.2 1.066761e-01
560.4 1.067209e-01
560.6 1.067626e-01
560.8 1.068000e-01
561.0 1.068323e-01
561.2 1.068591e-01
561.4 1.068827e-01
561.6 1.069061e-01
561.8 1.069322e-01
562.0 1.069640e-01
562.2 1.070032e-01
562.4 1.070476e-01
562.6 1.070935e-01
562.8 1.071375e-01
563.0 1.071761e-01
563.2 1.072070e-01
563.4 1.072327e-01
563.6 1.072570e-01
563.8 1.072837e-01
564.0 1.073166e-01
564.2 1.073580e-01
564.4 1.074050e-01
564.6 1.074533e-01
564.8 1.074986e-01
565.0 1.075365e-01
565.2 1.075638e-01
565.4 1.075821e-01
565.6 1.075940e-01
565.8 1.076022e-01
566.0 1.076093e-01
566.2 1.076178e-01
566.4 1.076288e-01
566.6 1.076433e-01
566.8 1.076622e-01
567.0 1.076864e-01
567.2 1.077162e-01
567.4 1.077494e-01
567.6 1.077833e-01
567.8 1.078150e-01
568.0 1.078416e-01
568.2 1.078615e-01
568.4 1.078767e-01
568.6 1.078906e-01
568.8 1.079062e-01
569.0 1.079268e-01
569.2 1.079541e-01
569.4 1.079830e-01
569.6 1.080071e-01
569.8 1.080200e-01
570.0 1.080150e-01
570.2 1.079876e-01
570.4 1.079407e-01
570.6 1.078793e-01
570.8 1.078081e-01
571.0 1.077320e-01
571.2 1.076553e-01
571.4 1.075800e-01
571.6 1.075076e-01
571.8 1.074396e-01
572.0 1.073774e-01
572.2 1.073216e-01
572.4 1.072696e-01
572.6 1.072179e-01
572.8 1.071631e-01
573.0 1.071017e-01
573.2 1.070316e-01
573.4 1.069567e-01
573.6 1.068818e-01
573.8 1.068123e-01
574.0 1.067533e-01
574.2 1.067072e-01
574.4 1.066671e-01
574.6 1.066231e-01
574.8 1.065655e-01
575.0 1.064847e-01
575.2 1.063740e-01
575.4 1.062387e-01
575.6 1.060873e-01
575.8 1.059280e-01
576.0 1.057692e-01
576.2 1.056177e-01
576.4 1.054728e-01
576.6 1.053324e-01
576.8 1.051943e-01
577.0 1.050563e-01
577.2 1.049166e-01
577.4 1.047754e-01
577.6 1.046332e-01
577.8 1.044905e-01
578.0 1.043479e-01
578.2 1.042059e-01
578.4 1.040645e-01
578.6 1.039234e-01
578.8 1.037826e-01
579.0 1.036419e-01
579.2 1.035013e-01
579.4 1.033606e-01
579.6 1.032201e-01
579.8 1.030797e-01
580.0 1.029395e-01
580.2 1.027995e-01
580.4 1.026597e-01
580.6 1.025201e-01
580.8 1.023807e-01
581.0 1.022415e-01
581.2 1.021024e-01
581.4 1.019634e-01
581.6 1.018244e-01
581.8 1.016852e-01
582.0 1.015458e-01
582.2 1.014062e-01
582.4 1.012668e-01
582.6 1.011279e-01
582.8 1.009900e-01
583.0 1.008535e-01
583.2 1.007185e-01
583.4 1.005838e-01
583.6 1.004476e-01
583.8 1.003084e-01
584.0 1.001645e-01
584.2 1.000156e-01
584.4 9.986642e-02
584.6 9.972316e-02
584.8 9.959191e-02
585.0 9.947877e-02
585.2 9.938803e-02
585.4 9.931672e-02
585.6 9.926006e-02
585.8 9.921327e-02
586.0 9.917157e-02
586.2 9.913073e-02
586.4 9.908880e-02
586.6 9.904438e-02
586.8 9.899610e-02
587.0 9.894255e-02
587.2 9.888309e-02
587.4 9.882013e-02
587.6 9.875680e-02
587.8 9.869625e-02
588.0 9.864161e-02
588.2 9.859486e-02
588.4 9.855319e-02
588.6 9.851261e-02
588.8 9.846915e-02
589.0 9.841880e-02
589.2 9.835919e-02
589.4 9.829431e-02
589.6 9.822974e-02
589.8 9.817109e-02
590.0 9.812394e-02
590.2 9.809230e-02
590.4 9.807378e-02
590.6 9.806445e-02
590.8 9.806034e-02
591.0 9.805749e-02
591.2 9.805249e-02
591.4 9.804423e-02
591.6 9.803212e-02
591.8 9.801561e-02
592.0 9.799410e-02
592.2 9.796756e-02
592.4 9.793804e-02
592.6 9.790813e-02
592.8 9.788042e-02
593.0 9.785747e-02
593.2 9.784104e-02
593.4 9.782953e-02
593.6 9.782049e-02
593.8 9.781148e-02
594.0 9.780004e-02
594.2 9.778474e-02
594.4 9.776811e-02
594.6 9.775370e-02
594.8 9.774503e-02
595.0 9.774566e-02
595.2 9.775776e-02
595.4 9.777816e-02
595.6 9.780228e-02
595.8 9.782559e-02
596.0 9.784354e-02
596.2 9.785300e-02
596.4 9.785646e-02
596.6 9.785788e-02
596.8 9.786117e-02
597.0 9.787028e-02
597.2 9.788781e-02
597.4 9.791097e-02
597.6 9.793565e-02
597.8 9.795772e-02
598.0 9.797306e-02
598.2 9.797917e-02
598.4 9.797996e-02
598.6 9.798095e-02
598.8 9.798768e-02
599.0 9.800568e-02
599.2 9.803773e-02
599.4 9.807561e-02
599.6 9.810833e-02
599.8 9.812491e-02
600.0 9.811434e-02
600.2 9.806911e-02
600.4 9.799543e-02
600.6 9.790301e-02
600.8 9.780152e-02
601.0 9.770066e-02
601.2 9.760809e-02
601.4 9.752332e-02
601.6 9.744384e-02
601.8 9.736715e-02
602.0 9.729073e-02
602.2 9.721253e-02
602.4 9.713235e-02
602.6 9.705043e-02
602.8 9.696701e-02
603.0 9.688237e-02
603.2 9.679694e-02
603.4 9.671210e-02
603.6 9.662941e-02
603.8 9.655043e-02
604.0 9.647671e-02
604.2 9.640849e-02
604.4 9.634060e-02
604.6 9.626650e-02
604.8 9.617969e-02
605.0 9.607362e-02
605.2 9.594398e-02
605.4 9.579512e-02
605.6 9.563362e-02
605.8 9.546602e-02
606.0 9.529886e-02
606.2 9.513731e-02
606.4 9.498099e-02
606.6 9.482814e-02
606.8 9.467698e-02
607.0 9.452575e-02
607.2 9.437307e-02
607.4 9.421907e-02
607.6 9.406427e-02
607.8 9.390916e-02
608.0 9.375427e-02
608.2 9.359999e-02
608.4 9.344626e-02
608.6 9.329290e-02
608.8 9.313975e-02
609.0 9.298661e-02
609.2 9.283336e-02
609.4 9.268003e-02
609.6 9.252673e-02
609.8 9.237353e-02
610.0 9.222052e-02
610.2 9.206776e-02
610.4 9.191521e-02
610.6 9.176280e-02
610.8 9.161048e-02
611.0 9.145819e-02
611.2 9.130587e-02
611.4 9.115358e-02
611.6 9.100136e-02
611.8 9.084928e-02
612.0 9.069740e-02
612.2 9.054575e-02
612.4 9.039424e-02
612.6 9.024274e-02
612.8 9.009112e-02
613.0 8.993929e-02
613.2 8.978718e-02
613.4 8.963509e-02
613.6 8.948338e-02
613.8 8.933242e-02
614.0 8.918259e-02
614.2 8.903398e-02
614.4 8.888562e-02
614.6 8.873626e-02
614.8 8.858465e-02
615.0 8.842957e-02
615.2 8.827011e-02
615.4 8.810683e-02
615.6 8.794063e-02
615.8 8.777241e-02
616.0 8.760306e-02
616.2 8.743358e-02
616.4 8.726516e-02
616.6 8.709909e-02
616.8 8.693666e-02
617.0 8.677915e-02
617.2 8.662722e-02
617.4 8.647905e-02
617.6 8.633220e-02
617.8 8.618423e-02
618.0 8.603271e-02
618.2 8.587581e-02
618.4 8.571419e-02
618.6 8.554913e-02
618.8 8.538191e-02
619.0 8.521380e-02
619.2 8.504602e-02
619.4 8.487950e-02
619.6 8.471514e-02
619.8 8.455381e-02
620.0 8.439638e-02
620.2 8.424341e-02
620.4 8.409406e-02
620.6 8.394720e-02
620.8 8.380165e-02
621.0 8.365627e-02
621.2 8.351012e-02
621.4 8.336318e-02
621.6 8.321565e-02
621.8 8.306774e-02
622.0 8.291966e-02
622.2 8.277159e-02
622.4 8.262379e-02
622.6 8.247648e-02
622.8 8.232990e-02
623.0 8.218427e-02
623.2 8.203962e-02
623.4 8.189502e-02
623.6 8.174935e-02
623.8 8.160146e-02
624.0 8.145022e-02
624.2 8.129542e-02
624.4 8.114055e-02
624.6 8.099002e-02
624.8 8.084824e-02
625.0 8.071962e-02
625.2 8.060688e-02
625.4 8.050594e-02
625.6 8.041104e-02
625.8 8.031641e-02
626.0 8.021627e-02
626.2 8.010654e-02
626.4 7.998976e-02
626.6 7.987017e-02
626.8 7.975198e-02
627.0 7.963941e-02
627.2 7.953534e-02
627.4 7.943725e-02
627.6 7.934130e-02
627.8 7.924363e-02
628.0 7.914038e-02
628.2 7.902900e-02
628.4 7.891213e-02
628.6 7.879369e-02
628.8 7.867762e-02
629.0 7.856783e-02
629.2 7.846685e-02
629.4 7.837148e-02
629.6 7.827713e-02
629.8 7.817921e-02
630.0 7.807311e-02
630.2 7.795559e-02
630.4 7.782887e-02
630.6 7.769652e-02
630.8 7.756208e-02
631.0 7.742914e-02
631.2 7.730026e-02
631.4 7.717404e-02
631.6 7.704808e-02
631.8 7.692000e-02
632.0 7.678739e-02
632.2 7.664867e-02
632.4 7.650546e-02
632.6 7.636021e-02
632.8 7.621533e-02
633.0 7.607326e-02
633.2 7.593599e-02
633.4 7.580377e-02
633.6 7.567644e-02
633.8 7.555381e-02
634.0 7.543571e-02
634.2 7.532110e-02
634.4 7.520555e-02
634.6 7.508376e-02
634.8 7.495045e-02
635.0 7.480031e-02
635.2 7.463012e-02
635.4 7.444477e-02
635.6 7.425121e-02
635.8 7.405639e-02
636.0 7.386722e-02
636.2 7.368875e-02
636.4 7.351833e-02
636.6 7.335138e-02
636.8 7.318338e-02
637.0 7.300976e-02
637.2 7.282743e-02
637.4 7.263912e-02
637.6 7.244904e-02
637.8 7.226136e-02
638.0 7.208028e-02
638.2 7.190844e-02
638.4 7.174224e-02
638.6 7.157658e-02
638.8 7.140630e-02
639.0 7.122631e-02
639.2 7.103386e-02
639.4 7.083579e-02
639.6 7.064136e-02
639.8 7.045980e-02
640.0 7.030032e-02
640.2 7.016952e-02
640.4 7.006340e-02
640.6 6.997535e-02
640.8 6.989874e-02
641.0 6.982695e-02
641.2 6.975432e-02
641.4 6.967909e-02
641.6 6.960044e-02
641.8 6.951756e-02
642.0 6.942965e-02
642.2 6.933648e-02
642.4 6.924015e-02
642.6 6.914333e-02
642.8 6.904872e-02
643.0 6.895899e-02
643.2 6.887593e-02
643.4 6.879779e-02
643.6 6.872193e-02
643.8 6.864569e-02
644.0 6.856645e-02
644.2 6.848209e-02
644.4 6.839264e-02
644.6 6.829868e-02
644.8 6.820076e-02
645.0 6.809945e-02
645.2 6.799531e-02
645.4 6.788877e-02
645.6 6.778027e-02
645.8 6.767022e-02
646.0 6.755905e-02
646.2 6.744734e-02
646.4 6.733634e-02
646.6 6.722745e-02
646.8 6.712206e-02
647.0 6.702157e-02
647.2 6.692673e-02
647.4 6.683568e-02
647.6 6.674589e-02
647.8 6.665484e-02
648.0 6.656001e-02
648.2 6.645954e-02
648.4 6.635430e-02
648.6 6.624580e-02
648.8 6.613556e-02
649.0 6.602511e-02
649.2 6.591571e-02
649.4 6.580766e-02
649.6 6.570098e-02
649.8 6.559572e-02
650.0 6.549194e-02
650.2 6.538936e-02
650.4 6.528661e-02
650.6 6.518201e-02
650.8 6.507388e-02
651.0 6.496054e-02
651.2 6.484111e-02
651.4 6.471787e-02
651.6 6.459387e-02
651.8 6.447219e-02
652.0 6.435587e-02
652.2 6.424691e-02
652.4 6.414301e-02
652.6 6.404082e-02
652.8 6.393695e-02
653.0 6.382806e-02
653.2 6.371187e-02
653.4 6.359048e-02
653.6 6.346707e-02
653.8 6.334482e-02
654.0 6.322693e-02
654.2 6.311567e-02
654.4 6.300972e-02
654.6 6.290685e-02
654.8 6.280483e-02
655.0 6.270143e-02
655.2 6.259519e-02
655.4 6.248758e-02
655.6 6.238082e-02
655.8 6.227715e-02
656.0 6.217879e-02
656.2 6.208707e-02
656.4 6.199969e-02
656.6 6.191346e-02
656.8 6.182518e-02
657.0 6.173166e-02
657.2 6.163082e-02
657.4 6.152499e-02
657.6 6.141766e-02
657.8 6.131227e-02
658.0 6.121229e-02
658.2 6.112000e-02
658.4 6.103301e-02
658.6 6.094779e-02
658.8 6.086078e-02
659.0 6.076843e-02
659.2 6.066837e-02
659.4 6.056302e-02
659.6 6.045600e-02
659.8 6.035089e-02
660.0 6.025130e-02
660.2 6.015963e-02
660.4 6.007347e-02
660.6 5.998917e-02
660.8 5.990311e-02
661.0 5.981167e-02
661.2 5.971244e-02
661.4 5.960781e-02
661.6 5.950142e-02
661.8 5.939687e-02
662.0 5.929777e-02
662.2 5.920655e-02
662.4 5.912079e-02
662.6 5.903689e-02
662.8 5.895126e-02
663.0 5.886028e-02
663.2 5.876156e-02
663.4 5.865751e-02
663.6 5.855175e-02
663.8 5.844789e-02
664.0 5.834954e-02
664.2 5.825912e-02
664.4 5.817420e-02
664.6 5.809115e-02
664.8 5.800635e-02
665.0 5.791617e-02
665.2 5.781820e-02
665.4 5.771483e-02
665.6 5.760970e-02
665.8 5.750640e-02
666.0 5.740855e-02
666.2 5.731856e-02
666.4 5.723403e-02
666.6 5.715136e-02
666.8 5.706695e-02
667.0 5.697720e-02
667.2 5.687971e-02
667.4 5.677685e-02
667.6 5.667216e-02
667.8 5.656921e-02
668.0 5.647156e-02
668.2 5.638161e-02
668.4 5.629715e-02
668.6 5.621484e-02
668.8 5.613131e-02
669.0 5.604321e-02
669.2 5.594819e-02
669.4 5.584789e-02
669.6 5.574493e-02
669.8 5.564196e-02
670.0 5.554159e-02
670.2 5.544604e-02
670.4 5.535572e-02
670.6 5.527064e-02
670.8 5.519080e-02
671.0 5.511620e-02
671.2 5.504638e-02
671.4 5.497918e-02
671.6 5.491195e-02
671.8 5.484209e-02
672.0 5.476695e-02
672.2 5.468492e-02
672.4 5.459832e-02
672.6 5.451049e-02
672.8 5.442474e-02
673.0 5.434442e-02
673.2 5.427169e-02
673.4 5.420419e-02
673.6 5.413841e-02
673.8 5.407082e-02
674.0 5.399792e-02
674.2 5.391737e-02
674.4 5.383157e-02
674.6 5.374406e-02
674.8 5.365842e-02
675.0 5.357820e-02
675.2 5.350579e-02
675.4 5.343879e-02
675.6 5.337363e-02
675.8 5.330674e-02
676.0 5.323454e-02
676.2 5.315464e-02
676.4 5.306943e-02
676.6 5.298247e-02
676.8 5.289733e-02
677.0 5.281759e-02
677.2 5.274561e-02
677.4 5.267906e-02
677.6 5.261439e-02
677.8 5.254808e-02
678.0 5.247658e-02
678.2 5.239751e-02
678.4 5.231308e-02
678.6 5.222666e-02
678.8 5.214160e-02
679.0 5.206127e-02
679.2 5.198802e-02
679.4 5.192021e-02
679.6 5.185520e-02
679.8 5.179034e-02
680.0 5.172299e-02
680.2 5.165096e-02
680.4 5.157379e-02
680.6 5.149148e-02
680.8 5.140403e-02
681.0 5.131144e-02
681.2 5.121413e-02
681.4 5.111428e-02
681.6 5.101451e-02
681.8 5.091742e-02
682.0 5.082562e-02
682.2 5.074075e-02
682.4 5.066055e-02
682.6 5.058179e-02
682.8 5.050123e-02
683.0 5.041565e-02
683.2 5.032289e-02
683.4 5.022503e-02
683.6 5.012525e-02
683.8 5.002669e-02
684.0 4.993252e-02
684.2 4.984498e-02
684.4 4.976274e-02
684.6 4.968352e-02
684.8 4.960508e-02
685.0 4.952516e-02
685.2 4.944227e-02
685.4 4.935794e-02
685.6 4.927444e-02
685.8 4.919406e-02
686.0 4.911910e-02
686.2 4.905090e-02
686.4 4.898714e-02
686.6 4.892456e-02
686.8 4.885989e-02
687.0 4.878987e-02
687.2 4.871239e-02
687.4 4.862979e-02
687.6 4.854559e-02
687.8 4.846327e-02
688.0 4.838633e-02
688.2 4.831710e-02
688.4 4.825328e-02
688.6 4.819138e-02
688.8 4.812795e-02
689.0 4.805952e-02
689.2 4.798372e-02
689.4 4.790258e-02
689.6 4.781924e-02
689.8 4.773682e-02
690.0 4.765846e-02
690.2 4.758646e-02
690.4 4.751983e-02
690.6 4.745677e-02
690.8 4.739548e-02
691.0 4.733415e-02
691.2 4.727134e-02
691.4 4.720716e-02
691.6 4.714206e-02
691.8 4.707650e-02
692.0 4.701096e-02
692.2 4.694580e-02
692.4 4.688102e-02
692.6 4.681651e-02
692.8 4.675219e-02
693.0 4.668795e-02
693.2 4.662373e-02
693.4 4.655951e-02
693.6 4.649533e-02
693.8 4.643119e-02
694.0 4.636713e-02
694.2 4.630316e-02
694.4 4.623925e-02
694.6 4.617536e-02
694.8 4.611147e-02
695.0 4.604755e-02
695.2 4.598357e-02
695.4 4.591957e-02
695.6 4.585560e-02
695.8 4.579172e-02
696.0 4.572798e-02
696.2 4.566439e-02
696.4 4.560094e-02
696.6 4.553754e-02
696.8 4.547415e-02
697.0 4.541069e-02
697.2 4.534714e-02
697.4 4.528356e-02
697.6 4.522002e-02
697.8 4.515661e-02
698.0 4.509341e-02
698.2 4.503046e-02
698.4 4.496765e-02
698.6 4.490481e-02
698.8 4.484178e-02
699.0 4.477839e-02
699.2 4.471460e-02
699.4 4.465080e-02
699.6 4.458750e-02
699.8 4.452521e-02
700.0 4.446443e-02
700.2 4.440551e-02
700.4 4.434812e-02
700.6 4.429179e-02
700.8 4.423601e-02
701.0 4.418030e-02
701.2 4.412428e-02
701.4 4.406795e-02
701.6 4.401143e-02
701.8 4.395483e-02
702.0 4.389828e-02
702.2 4.384185e-02
702.4 4.378555e-02
702.6 4.372938e-02
702.8 4.367331e-02
703.0 4.361733e-02
703.2 4.356143e-02
703.4 4.350555e-02
703.6 4.344963e-02
703.8 4.339362e-02
704.0 4.333747e-02
704.2 4.328117e-02
704.4 4.322490e-02
704.6 4.316890e-02
704.8 4.311341e-02
705.0 4.305867e-02
705.2 4.300484e-02
705.4 4.295176e-02
705.6 4.289920e-02
705.8 4.284695e-02
706.0 4.279478e-02
706.2 4.274251e-02
706.4 4.269013e-02
706.6 4.263771e-02
706.8 4.258530e-02
707.0 4.253294e-02
707.2 4.248069e-02
707.4 4.242851e-02
707.6 4.237638e-02
707.8 4.232427e-02
708.0 4.227215e-02
708.2 4.221999e-02
708.4 4.216787e-02
708.6 4.211584e-02
708.8 4.206399e-02
709.0 4.201237e-02
709.2 4.196102e-02
709.4 4.190973e-02
709.6 4.185823e-02
709.8 4.180628e-02
710.0 4.175363e-02
710.2 4.170008e-02
710.4 4.164581e-02
710.6 4.159106e-02
710.8 4.153605e-02
711.0 4.148104e-02
711.2 4.142621e-02
711.4 4.137158e-02
711.6 4.131709e-02
711.8 4.126270e-02
712.0 4.120838e-02
712.2 4.115409e-02
712.4 4.109986e-02
712.6 4.104572e-02
712.8 4.099171e-02
713.0 4.093786e-02
713.2 4.088419e-02
713.4 4.083055e-02
713.6 4.077679e-02
713.8 4.072275e-02
714.0 4.066827e-02
714.2 4.061331e-02
714.4 4.055830e-02
714.6 4.050380e-02
714.8 4.045038e-02
715.0 4.039859e-02
715.2 4.034880e-02
715.4 4.030066e-02
715.6 4.025362e-02
715.8 4.020713e-02
716.0 4.016064e-02
716.2 4.011373e-02
716.4 4.006644e-02
716.6 4.001889e-02
716.8 3.997125e-02
717.0 3.992365e-02
717.2 3.987622e-02
717.4 3.982893e-02
717.6 3.978177e-02
717.8 3.973467e-02
718.0 3.968761e-02
718.2 3.964056e-02
718.4 3.959352e-02
718.6 3.954649e-02
718.8 3.949949e-02
719.0 3.945253e-02
719.2 3.940561e-02
719.4 3.935874e-02
719.6 3.931192e-02
719.8 3.926513e-02
720.0 3.921837e-02
720.2 3.917165e-02
720.4 3.912497e-02
720.6 3.907833e-02
720.8 3.903172e-02
721.0 3.898515e-02
721.2 3.893863e-02
721.4 3.889215e-02
721.6 3.884570e-02
721.8 3.879927e-02
722.0 3.875285e-02
722.2 3.870645e-02
722.4 3.866008e-02
722.6 3.861378e-02
722.8 3.856757e-02
723.0 3.852147e-02
723.2 3.847550e-02
723.4 3.842957e-02
723.6 3.838358e-02
723.8 3.833742e-02
724.0 3.829099e-02
724.2 3.824427e-02
724.4 3.819756e-02
724.6 3.815125e-02
724.8 3.810574e-02
725.0 3.806142e-02
725.2 3.801854e-02
725.4 3.797684e-02
725.6 3.793594e-02
725.8 3.789544e-02
726.0 3.785495e-02
726.2 3.781417e-02
726.4 3.777311e-02
726.6 3.773188e-02
726.8 3.769060e-02
727.0 3.764936e-02
727.2 3.760826e-02
727.4 3.756727e-02
727.6 3.752637e-02
727.8 3.748551e-02
728.0 3.744465e-02
728.2 3.740379e-02
728.4 3.736294e-02
728.6 3.732215e-02
728.8 3.728145e-02
729.0 3.724088e-02
729.2 3.720046e-02
729.4 3.716008e-02
729.6 3.711962e-02
729.8 3.707893e-02
730.0 3.703790e-02
730.2 3.699644e-02
730.4 3.695462e-02
730.6 3.691259e-02
730.8 3.687047e-02
731.0 3.682839e-02
731.2 3.678647e-02
731.4 3.674468e-02
731.6 3.670298e-02
731.8 3.666132e-02
732.0 3.661968e-02
732.2 3.657801e-02
732.4 3.653635e-02
732.6 3.649475e-02
732.8 3.645324e-02
733.0 3.641187e-02
733.2 3.637064e-02
733.4 3.632947e-02
733.6 3.628821e-02
733.8 3.624672e-02
734.0 3.620489e-02
734.2 3.616267e-02
734.4 3.612046e-02
734.6 3.607874e-02
734.8 3.603800e-02
735.0 3.599874e-02
735.2 3.596130e-02
735.4 3.592547e-02
735.6 3.589089e-02
735.8 3.585721e-02
736.0 3.582407e-02
736.2 3.579114e-02
736.4 3.575821e-02
736.6 3.572511e-02
736.8 3.569164e-02
737.0 3.565764e-02
737.2 3.562301e-02
737.4 3.558797e-02
737.6 3.555284e-02
737.8 3.551794e-02
738.0 3.548358e-02
738.2 3.544997e-02
738.4 3.541690e-02
738.6 3.538405e-02
738.8 3.535109e-02
739.0 3.531769e-02
739.2 3.528366e-02
739.4 3.524918e-02
739.6 3.521458e-02
739.8 3.518016e-02
740.0 3.514623e-02
740.2 3.511300e-02
740.4 3.508027e-02
740.6 3.504771e-02
740.8 3.501504e-02
741.0 3.498193e-02
741.2 3.494818e-02
741.4 3.491400e-02
741.6 3.487971e-02
741.8 3.484562e-02
742.0 3.481203e-02
742.2 3.477916e-02
742.4 3.474678e-02
742.6 3.471456e-02
742.8 3.468217e-02
743.0 3.464928e-02
743.2 3.461568e-02
743.4 3.458165e-02
743.6 3.454759e-02
743.8 3.451391e-02
744.0 3.448099e-02
744.2 3.444908e-02
744.4 3.441767e-02
744.6 3.438610e-02
744.8 3.435369e-02
745.0 3.431977e-02
745.2 3.428388e-02
745.4 3.424636e-02
745.6 3.420778e-02
745.8 3.416871e-02
746.0 3.412968e-02
746.2 3.409116e-02
746.4 3.405311e-02
746.6 3.401538e-02
746.8 3.397784e-02
747.0 3.394034e-02
747.2 3.390276e-02
747.4 3.386509e-02
747.6 3.382737e-02
747.8 3.378960e-02
748.0 3.375182e-02
748.2 3.371404e-02
748.4 3.367632e-02
748.6 3.363870e-02
748.8 3.360123e-02
749.0 3.356396e-02
749.2 3.352692e-02
749.4 3.348995e-02
749.6 3.345291e-02
749.8 3.341562e-02
750.0 3.337792e-02
750.2 3.333971e-02
750.4 3.330107e-02
750.6 3.326216e-02
750.8 3.322314e-02
751.0 3.318417e-02
751.2 3.314535e-02
751.4 3.310668e-02
751.6 3.306811e-02
751.8 3.302959e-02
752.0 3.299107e-02
752.2 3.295253e-02
752.4 3.291399e-02
752.6 3.287548e-02
752.8 3.283706e-02
753.0 3.279877e-02
753.2 3.276061e-02
753.4 3.272250e-02
753.6 3.268430e-02
753.8 3.264590e-02
754.0 3.260717e-02
754.2 3.256807e-02
754.4 3.252893e-02
754.6 3.249013e-02
754.8 3.245210e-02
755.0 3.241521e-02
755.2 3.237978e-02
755.4 3.234565e-02
755.6 3.231253e-02
755.8 3.228016e-02
756.0 3.224828e-02
756.2 3.221663e-02
756.4 3.218500e-02
756.6 3.215321e-02
756.8 3.212107e-02
757.0 3.208840e-02
757.2 3.205510e-02
757.4 3.202143e-02
757.6 3.198775e-02
757.8 3.195442e-02
758.0 3.192179e-02
758.2 3.189007e-02
758.4 3.185894e-02
758.6 3.182791e-02
758.8 3.179652e-02
759.0 3.176429e-02
759.2 3.173095e-02
759.4 3.169702e-02
759.6 3.166324e-02
759.8 3.163033e-02
760.0 3.159903e-02
760.2 3.156986e-02
760.4 3.154245e-02
760.6 3.151624e-02
760.8 3.149065e-02
761.0 3.146513e-02
761.2 3.143919e-02
761.4 3.141277e-02
761.6 3.138588e-02
761.8 3.135856e-02
762.0 3.133082e-02
762.2 3.130272e-02
762.4 3.127445e-02
762.6 3.124623e-02
762.8 3.121828e-02
763.0 3.119081e-02
763.2 3.116397e-02
763.4 3.113759e-02
763.6 3.111145e-02
763.8 3.108529e-02
764.0 3.105889e-02
764.2 3.103210e-02
764.4 3.100515e-02
764.6 3.097836e-02
764.8 3.095205e-02
765.0 3.092656e-02
765.2 3.090210e-02
765.4 3.087853e-02
765.6 3.085560e-02
765.8 3.083306e-02
766.0 3.081067e-02
766.2 3.078821e-02
766.4 3.076556e-02
766.6 3.074262e-02
766.8 3.071930e-02
767.0 3.069550e-02
767.2 3.067118e-02
767.4 3.064656e-02
767.6 3.062190e-02
767.8 3.059747e-02
768.0 3.057353e-02
768.2 3.055026e-02
768.4 3.052749e-02
768.6 3.050496e-02
768.8 3.048240e-02
769.0 3.045956e-02
769.2 3.043628e-02
769.4 3.041288e-02
769.6 3.038979e-02
769.8 3.036745e-02
770.0 3.034628e-02
770.2 3.032657e-02
770.4 3.030807e-02
770.6 3.029037e-02
770.8 3.027308e-02
771.0 3.025579e-02
771.2 3.023819e-02
771.4 3.022030e-02
771.6 3.020222e-02
771.8 3.018406e-02
772.0 3.016592e-02
772.2 3.014788e-02
772.4 3.012995e-02
772.6 3.011212e-02
772.8 3.009436e-02
773.0 3.007666e-02
773.2 3.005902e-02
773.4 3.004142e-02
773.6 3.002389e-02
773.8 3.000642e-02
774.0 2.998902e-02
774.2 2.997169e-02
774.4 2.995432e-02
774.6 2.993682e-02
774.8 2.991908e-02
775.0 2.990098e-02
775.2 2.988247e-02
775.4 2.986361e-02
775.6 2.984453e-02
775.8 2.982535e-02
776.0 2.980617e-02
776.2 2.978710e-02
776.4 2.976815e-02
776.6 2.974930e-02
776.8 2.973055e-02
777.0 2.971189e-02
777.2 2.969330e-02
777.4 2.967471e-02
777.6 2.965606e-02
777.8 2.963727e-02
778.0 2.961827e-02
778.2 2.959905e-02
778.4 2.957984e-02
778.6 2.956093e-02
778.8 2.954261e-02
779.0 2.952517e-02
779.2 2.950866e-02
779.4 2.949223e-02
779.6 2.947481e-02
779.8 2.945531e-02
780.0 2.943265e-02
780.2 2.940612e-02
780.4 2.937656e-02
780.6 2.934514e-02
780.8 2.931308e-02
781.0 2.928157e-02
781.2 2.925151e-02
781.4 2.922263e-02
781.6 2.919437e-02
781.8 2.916616e-02
782.0 2.913742e-02
782.2 2.910776e-02
782.4 2.907743e-02
782.6 2.904682e-02
782.8 2.901635e-02
783.0 2.898642e-02
783.2 2.895731e-02
783.4 2.892880e-02
783.6 2.890055e-02
783.8 2.887220e-02
784.0 2.884341e-02
784.2 2.881394e-02
784.4 2.878400e-02
784.6 2.875391e-02
784.8 2.872401e-02
785.0 2.869461e-02
785.2 2.866592e-02
785.4 2.863772e-02
785.6 2.860967e-02
785.8 2.858143e-02
786.0 2.855266e-02
786.2 2.852314e-02
786.4 2.849313e-02
786.6 2.846300e-02
786.8 2.843313e-02
787.0 2.840390e-02
787.2 2.837555e-02
787.4 2.834780e-02
787.6 2.832026e-02
787.8 2.829252e-02
788.0 2.826419e-02
788.2 2.823500e-02
788.4 2.820522e-02
788.6 2.817527e-02
788.8 2.814557e-02
789.0 2.811653e-02
789.2 2.808841e-02
789.4 2.806088e-02
789.6 2.803342e-02
789.8 2.800556e-02
790.0 2.797678e-02
790.2 2.794676e-02
790.4 2.791585e-02
790.6 2.788455e-02
790.8 2.785337e-02
791.0 2.782283e-02
791.2 2.779328e-02
791.4 2.776444e-02
791.6 2.773588e-02
791.8 2.770717e-02
792.0 2.767786e-02
792.2 2.764767e-02
792.4 2.761688e-02
792.6 2.758589e-02
792.8 2.755512e-02
793.0 2.752498e-02
793.2 2.749575e-02
793.4 2.746710e-02
793.6 2.743857e-02
793.8 2.740969e-02
794.0 2.738000e-02
794.2 2.734923e-02
794.4 2.731792e-02
794.6 2.728680e-02
794.8 2.725662e-02
795.0 2.722811e-02
795.2 2.720178e-02
795.4 2.717721e-02
795.6 2.715373e-02
795.8 2.713070e-02
796.0 2.710746e-02
796.2 2.708352e-02
796.4 2.705907e-02
796.6 2.703446e-02
796.8 2.701005e-02
797.0 2.698618e-02
797.2 2.696312e-02
797.4 2.694066e-02
797.6 2.691850e-02
797.8 2.689636e-02
798.0 2.687392e-02
798.2 2.685094e-02
798.4 2.682741e-02
798.6 2.680333e-02
798.8 2.677874e-02
799.0 2.675366e-02
799.2 2.672823e-02
799.4 2.670300e-02
799.6 2.667862e-02
799.8 2.665575e-02
800.0 2.663505e-02
800.2 2.661696e-02
800.4 2.660111e-02
800.6 2.658692e-02
800.8 2.657380e-02
801.0 2.656117e-02
801.2 2.654852e-02
801.4 2.653569e-02
801.6 2.652259e-02
801.8 2.650915e-02
802.0 2.649527e-02
802.2 2.648093e-02
802.4 2.646633e-02
802.6 2.645171e-02
802.8 2.643733e-02
803.0 2.642345e-02
803.2 2.641021e-02
803.4 2.639742e-02
803.6 2.638474e-02
803.8 2.637189e-02
804.0 2.635854e-02
804.2 2.634449e-02
804.4 2.632996e-02
804.6 2.631526e-02
804.8 2.630073e-02
805.0 2.628668e-02
805.2 2.627334e-02
805.4 2.626059e-02
805.6 2.624821e-02
805.8 2.623600e-02
806.0 2.622374e-02
806.2 2.621126e-02
806.4 2.619860e-02
806.6 2.618581e-02
806.8 2.617299e-02
807.0 2.616021e-02
807.2 2.614751e-02
807.4 2.613489e-02
807.6 2.612231e-02
807.8 2.610974e-02
808.0 2.609715e-02
808.2 2.608453e-02
808.4 2.607195e-02
808.6 2.605954e-02
808.8 2.604740e-02
809.0 2.603563e-02
809.2 2.602425e-02
809.4 2.601285e-02
809.6 2.600094e-02
809.8 2.598802e-02
810.0 2.597358e-02
810.2 2.595730e-02
810.4 2.593951e-02
810.6 2.592075e-02
810.8 2.590152e-02
811.0 2.588234e-02
811.2 2.586362e-02
811.4 2.584532e-02
811.6 2.582732e-02
811.8 2.580947e-02
812.0 2.579163e-02
812.2 2.577370e-02
812.4 2.575568e-02
812.6 2.573759e-02
812.8 2.571946e-02
813.0 2.570131e-02
813.2 2.568319e-02
813.4 2.566511e-02
813.6 2.564711e-02
813.8 2.562924e-02
814.0 2.561151e-02
814.2 2.559394e-02
814.4 2.557633e-02
814.6 2.555847e-02
814.8 2.554013e-02
815.0 2.552110e-02
815.2 2.550122e-02
815.4 2.548066e-02
815.6 2.545966e-02
815.8 2.543848e-02
816.0 2.541734e-02
816.2 2.539645e-02
816.4 2.537576e-02
816.6 2.535519e-02
816.8 2.533467e-02
817.0 2.531410e-02
817.2 2.529342e-02
817.4 2.527265e-02
817.6 2.525184e-02
817.8 2.523101e-02
818.0 2.521022e-02
818.2 2.518951e-02
818.4 2.516889e-02
818.6 2.514839e-02
818.8 2.512804e-02
819.0 2.510786e-02
819.2 2.508784e-02
819.4 2.506782e-02
819.6 2.504761e-02
819.8 2.502702e-02
820.0 2.500587e-02
820.2 2.498404e-02
820.4 2.496180e-02
820.6 2.493948e-02
820.8 2.491741e-02
821.0 2.489594e-02
821.2 2.487529e-02
821.4 2.485523e-02
821.6 2.483537e-02
821.8 2.481538e-02
822.0 2.479488e-02
822.2 2.477363e-02
822.4 2.475186e-02
822.6 2.472990e-02
822.8 2.470811e-02
823.0 2.468681e-02
823.2 2.466625e-02
823.4 2.464618e-02
823.6 2.462626e-02
823.8 2.460616e-02
824.0 2.458553e-02
824.2 2.456415e-02
824.4 2.454232e-02
824.6 2.452046e-02
824.8 2.449898e-02
825.0 2.447831e-02
825.2 2.445875e-02
825.4 2.444009e-02
825.6 2.442201e-02
825.8 2.440419e-02
826.0 2.438630e-02
826.2 2.436809e-02
826.4 2.434961e-02
826.6 2.433096e-02
826.8 2.431227e-02
827.0 2.429364e-02
827.2 2.427516e-02
827.4 2.425683e-02
827.6 2.423863e-02
827.8 2.422053e-02
828.0 2.420251e-02
828.2 2.418453e-02
828.4 2.416653e-02
828.6 2.414845e-02
828.8 2.413020e-02
829.0 2.411174e-02
829.2 2.409304e-02
829.4 2.407434e-02
829.6 2.405597e-02
829.8 2.403820e-02
830.0 2.402137e-02
830.2 2.400563e-02
830.4 2.399068e-02
830.6 2.397608e-02
830.8 2.396140e-02
831.0 2.394619e-02
831.2 2.393015e-02
831.4 2.391353e-02
831.6 2.389671e-02
831.8 2.388007e-02
832.0 2.386398e-02
832.2 2.384871e-02
832.4 2.383401e-02
832.6 2.381951e-02
832.8 2.380483e-02
833.0 2.378960e-02
833.2 2.377358e-02
833.4 2.375698e-02
833.6 2.374015e-02
833.8 2.372343e-02
834.0 2.370718e-02
834.2 2.369165e-02
834.4 2.367673e-02
834.6 2.366221e-02
834.8 2.364790e-02
835.0 2.363359e-02
835.2 2.361913e-02
835.4 2.360453e-02
835.6 2.358983e-02
835.8 2.357510e-02
836.0 2.356039e-02
836.2 2.354573e-02
836.4 2.353114e-02
836.6 2.351659e-02
836.8 2.350207e-02
837.0 2.348757e-02
837.2 2.347307e-02
837.4 2.345859e-02
837.6 2.344410e-02
837.8 2.342962e-02
838.0 2.341514e-02
838.2 2.340066e-02
838.4 2.338621e-02
838.6 2.337178e-02
838.8 2.335741e-02
839.0 2.334309e-02
839.2 2.332883e-02
839.4 2.331459e-02
839.6 2.330031e-02
839.8 2.328593e-02
840.0 2.327141e-02
840.2 2.325673e-02
840.4 2.324205e-02
840.6 2.322759e-02
840.8 2.321354e-02
841.0 2.320012e-02
841.2 2.318744e-02
841.4 2.317522e-02
841.6 2.316310e-02
841.8 2.315069e-02
842.0 2.313763e-02
842.2 2.312367e-02
842.4 2.310912e-02
842.6 2.309438e-02
842.8 2.307989e-02
843.0 2.306607e-02
843.2 2.305320e-02
843.4 2.304101e-02
843.6 2.302907e-02
843.8 2.301698e-02
844.0 2.300432e-02
844.2 2.299080e-02
844.4 2.297668e-02
844.6 2.296234e-02
844.8 2.294815e-02
845.0 2.293451e-02
845.2 2.292166e-02
845.4 2.290939e-02
845.6 2.289733e-02
845.8 2.288512e-02
846.0 2.287242e-02
846.2 2.285898e-02
846.4 2.284501e-02
846.6 2.283086e-02
846.8 2.281686e-02
847.0 2.280333e-02
847.2 2.279051e-02
847.4 2.277824e-02
847.6 2.276624e-02
847.8 2.275426e-02
848.0 2.274202e-02
848.2 2.272931e-02
848.4 2.271610e-02
848.6 2.270241e-02
848.8 2.268825e-02
849.0 2.267365e-02
849.2 2.265874e-02
849.4 2.264387e-02
849.6 2.262904e-02
849.8 2.261425e-02
850.0 2.259950e-02
850.2 2.258477e-02
850.4 2.257006e-02
850.6 2.255537e-02
850.8 2.254069e-02
851.0 2.252602e-02
851.2 2.251135e-02
851.4 2.249669e-02
851.6 2.248203e-02
851.8 2.246738e-02
852.0 2.245274e-02
852.2 2.243811e-02
852.4 2.242349e-02
852.6 2.240889e-02
852.8 2.239430e-02
853.0 2.237973e-02
853.2 2.236517e-02
853.4 2.235063e-02
853.6 2.233610e-02
853.8 2.232159e-02
854.0 2.230710e-02
854.2 2.229262e-02
854.4 2.227816e-02
854.6 2.226371e-02
854.8 2.224928e-02
855.0 2.223486e-02
855.2 2.222045e-02
855.4 2.220606e-02
855.6 2.219168e-02
855.8 2.217731e-02
856.0 2.216296e-02
856.2 2.214862e-02
856.4 2.213429e-02
856.6 2.211997e-02
856.8 2.210566e-02
857.0 2.209137e-02
857.2 2.207709e-02
857.4 2.206282e-02
857.6 2.204857e-02
857.8 2.203433e-02
858.0 2.202011e-02
858.2 2.200590e-02
858.4 2.199170e-02
858.6 2.197752e-02
858.8 2.196335e-02
859.0 2.194920e-02
859.2 2.193506e-02
859.4 2.192094e-02
859.6 2.190683e-02
859.8 2.189273e-02
860.0 2.187864e-02
860.2 2.186457e-02
860.4 2.185050e-02
860.6 2.183645e-02
860.8 2.182241e-02
861.0 2.180838e-02
861.2 2.179437e-02
861.4 2.178037e-02
861.6 2.176638e-02
861.8 2.175240e-02
862.0 2.173843e-02
862.2 2.172448e-02
862.4 2.171054e-02
862.6 2.169662e-02
862.8 2.168271e-02
863.0 2.166881e-02
863.2 2.165492e-02
863.4 2.164106e-02
863.6 2.162720e-02
863.8 2.161336e-02
864.0 2.159953e-02
864.2 2.158572e-02
864.4 2.157192e-02
864.6 2.155813e-02
864.8 2.154436e-02
865.0 2.153059e-02
865.2 2.151684e-02
865.4 2.150311e-02
865.6 2.148938e-02
865.8 2.147567e-02
866.0 2.146196e-02
866.2 2.144827e-02
866.4 2.143459e-02
866.6 2.142092e-02
866.8 2.140727e-02
867.0 2.139362e-02
867.2 2.137999e-02
867.4 2.136637e-02
867.6 2.135276e-02
867.8 2.133917e-02
868.0 2.132558e-02
868.2 2.131202e-02
868.4 2.129846e-02
868.6 2.128492e-02
868.8 2.127139e-02
869.0 2.125787e-02
869.2 2.124437e-02
869.4 2.123088e-02
869.6 2.121741e-02
869.8 2.120395e-02
870.0 2.119050e-02
870.2 2.117707e-02
870.4 2.116364e-02
870.6 2.115023e-02
870.8 2.113683e-02
871.0 2.112344e-02
871.2 2.111006e-02
871.4 2.109669e-02
871.6 2.108333e-02
871.8 2.106998e-02
872.0 2.105665e-02
872.2 2.104333e-02
872.4 2.103002e-02
872.6 2.101672e-02
872.8 2.100344e-02
873.0 2.099017e-02
873.2 2.097691e-02
873.4 2.096367e-02
873.6 2.095044e-02
873.8 2.093722e-02
874.0 2.092402e-02
874.2 2.091083e-02
874.4 2.089765e-02
874.6 2.088447e-02
874.8 2.087132e-02
875.0 2.085816e-02
875.2 2.084503e-02
875.4 2.083190e-02
875.6 2.081878e-02
875.8 2.080568e-02
876.0 2.079258e-02
876.2 2.077950e-02
876.4 2.076642e-02
876.6 2.075336e-02
876.8 2.074032e-02
877.0 2.072728e-02
877.2 2.071425e-02
877.4 2.070124e-02
877.6 2.068824e-02
877.8 2.067526e-02
878.0 2.066228e-02
878.2 2.064932e-02
878.4 2.063637e-02
878.6 2.062344e-02
878.8 2.061052e-02
879.0 2.059761e-02
879.2 2.058471e-02
879.4 2.057183e-02
879.6 2.055895e-02
879.8 2.054609e-02
880.0 2.053323e-02
880.2 2.052039e-02
880.4 2.050755e-02
880.6 2.049473e-02
880.8 2.048191e-02
881.0 2.046911e-02
881.2 2.045632e-02
881.4 2.044354e-02
881.6 2.043077e-02
881.8 2.041802e-02
882.0 2.040527e-02
882.2 2.039254e-02
882.4 2.037983e-02
882.6 2.036713e-02
882.8 2.035443e-02
883.0 2.034175e-02
883.2 2.032909e-02
883.4 2.031643e-02
883.6 2.030378e-02
883.8 2.029114e-02
884.0 2.027852e-02
884.2 2.026590e-02
884.4 2.025329e-02
884.6 2.024069e-02
884.8 2.022811e-02
885.0 2.021553e-02
885.2 2.020297e-02
885.4 2.019041e-02
885.6 2.017787e-02
885.8 2.016533e-02
886.0 2.015281e-02
886.2 2.014030e-02
886.4 2.012780e-02
886.6 2.011531e-02
886.8 2.010284e-02
887.0 2.009038e-02
887.2 2.007793e-02
887.4 2.006549e-02
887.6 2.005306e-02
887.8 2.004065e-02
888.0 2.002824e-02
888.2 2.001585e-02
888.4 2.000348e-02
888.6 1.999111e-02
888.8 1.997875e-02
889.0 1.996640e-02
889.2 1.995406e-02
889.4 1.994173e-02
889.6 1.992941e-02
889.8 1.991710e-02
890.0 1.990480e-02
890.2 1.989251e-02
890.4 1.988023e-02
890.6 1.986796e-02
890.8 1.985570e-02
891.0 1.984346e-02
891.2 1.983123e-02
891.4 1.981900e-02
891.6 1.980680e-02
891.8 1.979460e-02
892.0 1.978242e-02
892.2 1.977024e-02
892.4 1.975808e-02
892.6 1.974593e-02
892.8 1.973378e-02
893.0 1.972165e-02
893.2 1.970952e-02
893.4 1.969741e-02
893.6 1.968530e-02
893.8 1.967321e-02
894.0 1.966112e-02
894.2 1.964904e-02
894.4 1.963697e-02
894.6 1.962492e-02
894.8 1.961287e-02
895.0 1.960083e-02
895.2 1.958881e-02
895.4 1.957679e-02
895.6 1.956479e-02
895.8 1.955280e-02
896.0 1.954081e-02
896.2 1.952885e-02
896.4 1.951689e-02
896.6 1.950494e-02
896.8 1.949301e-02
897.0 1.948108e-02
897.2 1.946917e-02
897.4 1.945727e-02
897.6 1.944538e-02
897.8 1.943350e-02
898.0 1.942163e-02
898.2 1.940977e-02
898.4 1.939791e-02
898.6 1.938607e-02
898.8 1.937423e-02
899.0 1.936241e-02
899.2 1.935059e-02
899.4 1.933878e-02
899.6 1.932698e-02
899.8 1.931520e-02
900.0 1.930342e-02
900.2 1.929166e-02
900.4 1.927991e-02
900.6 1.926817e-02
900.8 1.925644e-02
901.0 1.924472e-02
901.2 1.923301e-02
901.4 1.922132e-02
901.6 1.920963e-02
901.8 1.919795e-02
902.0 1.918628e-02
902.2 1.917462e-02
902.4 1.916297e-02
902.6 1.915133e-02
902.8 1.913970e-02
903.0 1.912807e-02
903.2 1.911645e-02
903.4 1.910485e-02
903.6 1.909325e-02
903.8 1.908166e-02
904.0 1.907009e-02
904.2 1.905852e-02
904.4 1.904696e-02
904.6 1.903541e-02
904.8 1.902388e-02
905.0 1.901235e-02
905.2 1.900084e-02
905.4 1.898933e-02
905.6 1.897784e-02
905.8 1.896636e-02
906.0 1.895489e-02
906.2 1.894343e-02
906.4 1.893198e-02
906.6 1.892054e-02
906.8 1.890911e-02
907.0 1.889769e-02
907.2 1.888628e-02
907.4 1.887487e-02
907.6 1.886348e-02
907.8 1.885210e-02
908.0 1.884072e-02
908.2 1.882935e-02
908.4 1.881799e-02
908.6 1.880664e-02
908.8 1.879530e-02
909.0 1.878396e-02
909.2 1.877264e-02
909.4 1.876133e-02
909.6 1.875002e-02
909.8 1.873873e-02
910.0 1.872744e-02
910.2 1.871617e-02
910.4 1.870490e-02
910.6 1.869365e-02
910.8 1.868240e-02
911.0 1.867117e-02
911.2 1.865995e-02
911.4 1.864874e-02
911.6 1.863753e-02
911.8 1.862635e-02
912.0 1.861516e-02
912.2 1.860399e-02
912.4 1.859283e-02
912.6 1.858168e-02
912.8 1.857053e-02
913.0 1.855940e-02
913.2 1.854827e-02
913.4 1.853715e-02
913.6 1.852603e-02
913.8 1.851493e-02
914.0 1.850383e-02
914.2 1.849274e-02
914.4 1.848167e-02
914.6 1.847060e-02
914.8 1.845954e-02
915.0 1.844850e-02
915.2 1.843746e-02
915.4 1.842644e-02
915.6 1.841543e-02
915.8 1.840442e-02
916.0 1.839343e-02
916.2 1.838244e-02
916.4 1.837147e-02
916.6 1.836050e-02
916.8 1.834954e-02
917.0 1.833859e-02
917.2 1.832764e-02
917.4 1.831670e-02
917.6 1.830578e-02
917.8 1.829485e-02
918.0 1.828394e-02
918.2 1.827304e-02
918.4 1.826214e-02
918.6 1.825126e-02
918.8 1.824038e-02
919.0 1.822951e-02
919.2 1.821865e-02
919.4 1.820781e-02
919.6 1.819697e-02
919.8 1.818614e-02
920.0 1.817532e-02
920.2 1.816451e-02
920.4 1.815371e-02
920.6 1.814292e-02
920.8 1.813215e-02
921.0 1.812138e-02
921.2 1.811062e-02
921.4 1.809987e-02
921.6 1.808913e-02
921.8 1.807839e-02
922.0 1.806767e-02
922.2 1.805695e-02
922.4 1.804624e-02
922.6 1.803553e-02
922.8 1.802484e-02
923.0 1.801415e-02
923.2 1.800347e-02
923.4 1.799280e-02
923.6 1.798214e-02
923.8 1.797148e-02
924.0 1.796084e-02
924.2 1.795021e-02
924.4 1.793959e-02
924.6 1.792898e-02
924.8 1.791838e-02
925.0 1.790779e-02
925.2 1.789721e-02
925.4 1.788663e-02
925.6 1.787606e-02
925.8 1.786551e-02
926.0 1.785496e-02
926.2 1.784441e-02
926.4 1.783387e-02
926.6 1.782334e-02
926.8 1.781282e-02
927.0 1.780231e-02
927.2 1.779180e-02
927.4 1.778130e-02
927.6 1.777081e-02
927.8 1.776033e-02
928.0 1.774986e-02
928.2 1.773939e-02
928.4 1.772894e-02
928.6 1.771849e-02
928.8 1.770806e-02
929.0 1.769763e-02
929.2 1.768721e-02
929.4 1.767680e-02
929.6 1.766641e-02
929.8 1.765602e-02
930.0 1.764564e-02
930.2 1.763527e-02
930.4 1.762491e-02
930.6 1.761456e-02
930.8 1.760422e-02
931.0 1.759388e-02
931.2 1.758355e-02
931.4 1.757322e-02
931.6 1.756291e-02
931.8 1.755260e-02
932.0 1.754230e-02
932.2 1.753200e-02
932.4 1.752171e-02
932.6 1.751144e-02
932.8 1.750117e-02
933.0 1.749091e-02
933.2 1.748066e-02
933.4 1.747042e-02
933.6 1.746019e-02
933.8 1.744997e-02
934.0 1.743976e-02
934.2 1.742956e-02
934.4 1.741936e-02
934.6 1.740918e-02
934.8 1.739900e-02
935.0 1.738883e-02
935.2 1.737866e-02
935.4 1.736850e-02
935.6 1.735835e-02
935.8 1.734821e-02
936.0 1.733807e-02
936.2 1.732794e-02
936.4 1.731781e-02
936.6 1.730770e-02
936.8 1.729759e-02
937.0 1.728749e-02
937.2 1.727740e-02
937.4 1.726732e-02
937.6 1.725725e-02
937.8 1.724718e-02
938.0 1.723713e-02
938.2 1.722708e-02
938.4 1.721704e-02
938.6 1.720702e-02
938.8 1.719700e-02
939.0 1.718699e-02
939.2 1.717699e-02
939.4 1.716700e-02
939.6 1.715701e-02
939.8 1.714704e-02
940.0 1.713707e-02
940.2 1.712711e-02
940.4 1.711715e-02
940.6 1.710720e-02
940.8 1.709726e-02
941.0 1.708732e-02
941.2 1.707739e-02
941.4 1.706747e-02
941.6 1.705755e-02
941.8 1.704765e-02
942.0 1.703775e-02
942.2 1.702786e-02
942.4 1.701798e-02
942.6 1.700812e-02
942.8 1.699826e-02
943.0 1.698841e-02
943.2 1.697857e-02
943.4 1.696873e-02
943.6 1.695891e-02
943.8 1.694909e-02
944.0 1.693927e-02
944.2 1.692947e-02
944.4 1.691967e-02
944.6 1.690987e-02
944.8 1.690008e-02
945.0 1.689031e-02
945.2 1.688053e-02
945.4 1.687077e-02
945.6 1.686101e-02
945.8 1.685125e-02
946.0 1.684151e-02
946.2 1.683177e-02
946.4 1.682204e-02
946.6 1.681232e-02
946.8 1.680261e-02
947.0 1.679291e-02
947.2 1.678321e-02
947.4 1.677352e-02
947.6 1.676385e-02
947.8 1.675418e-02
948.0 1.674452e-02
948.2 1.673487e-02
948.4 1.672522e-02
948.6 1.671559e-02
948.8 1.670596e-02
949.0 1.669634e-02
949.2 1.668673e-02
949.4 1.667712e-02
949.6 1.666752e-02
949.8 1.665792e-02
950.0 1.664833e-02
950.2 1.663875e-02
950.4 1.662917e-02
950.6 1.661960e-02
950.8 1.661004e-02
951.0 1.660049e-02
951.2 1.659094e-02
951.4 1.658141e-02
951.6 1.657188e-02
951.8 1.656236e-02
952.0 1.655285e-02
952.2 1.654335e-02
952.4 1.653386e-02
952.6 1.652437e-02
952.8 1.651490e-02
953.0 1.650542e-02
953.2 1.649596e-02
953.4 1.648650e-02
953.6 1.647704e-02
953.8 1.646760e-02
954.0 1.645815e-02
954.2 1.644872e-02
954.4 1.643929e-02
954.6 1.642987e-02
954.8 1.642045e-02
955.0 1.641104e-02
955.2 1.640164e-02
955.4 1.639225e-02
955.6 1.638286e-02
955.8 1.637348e-02
956.0 1.636411e-02
956.2 1.635475e-02
956.4 1.634539e-02
956.6 1.633605e-02
956.8 1.632671e-02
957.0 1.631738e-02
957.2 1.630806e-02
957.4 1.629875e-02
957.6 1.628944e-02
957.8 1.628015e-02
958.0 1.627086e-02
958.2 1.626157e-02
958.4 1.625230e-02
958.6 1.624303e-02
958.8 1.623376e-02
959.0 1.622450e-02
959.2 1.621525e-02
959.4 1.620600e-02
959.6 1.619676e-02
959.8 1.618753e-02
960.0 1.617830e-02
960.2 1.616908e-02
960.4 1.615986e-02
960.6 1.615065e-02
960.8 1.614145e-02
961.0 1.613226e-02
961.2 1.612307e-02
961.4 1.611389e-02
961.6 1.610472e-02
961.8 1.609556e-02
962.0 1.608640e-02
962.2 1.607726e-02
962.4 1.606812e-02
962.6 1.605899e-02
962.8 1.604987e-02
963.0 1.604075e-02
963.2 1.603165e-02
963.4 1.602254e-02
963.6 1.601345e-02
963.8 1.600436e-02
964.0 1.599528e-02
964.2 1.598621e-02
964.4 1.597713e-02
964.6 1.596807e-02
964.8 1.595901e-02
965.0 1.594995e-02
965.2 1.594091e-02
965.4 1.593187e-02
965.6 1.592283e-02
965.8 1.591381e-02
966.0 1.590479e-02
966.2 1.589578e-02
966.4 1.588678e-02
966.6 1.587779e-02
966.8 1.586881e-02
967.0 1.585983e-02
967.2 1.585086e-02
967.4 1.584190e-02
967.6 1.583294e-02
967.8 1.582399e-02
968.0 1.581504e-02
968.2 1.580610e-02
968.4 1.579716e-02
968.6 1.578823e-02
968.8 1.577931e-02
969.0 1.577039e-02
969.2 1.576148e-02
969.4 1.575257e-02
969.6 1.574367e-02
969.8 1.573478e-02
970.0 1.572589e-02
970.2 1.571701e-02
970.4 1.570814e-02
970.6 1.569927e-02
970.8 1.569042e-02
971.0 1.568157e-02
971.2 1.567272e-02
971.4 1.566389e-02
971.6 1.565506e-02
971.8 1.564625e-02
972.0 1.563744e-02
972.2 1.562863e-02
972.4 1.561984e-02
972.6 1.561105e-02
972.8 1.560226e-02
973.0 1.559348e-02
973.2 1.558471e-02
973.4 1.557594e-02
973.6 1.556718e-02
973.8 1.555842e-02
974.0 1.554967e-02
974.2 1.554092e-02
974.4 1.553218e-02
974.6 1.552344e-02
974.8 1.551472e-02
975.0 1.550600e-02
975.2 1.549729e-02
975.4 1.548858e-02
975.6 1.547989e-02
975.8 1.547120e-02
976.0 1.546252e-02
976.2 1.545385e-02
976.4 1.544518e-02
976.6 1.543652e-02
976.8 1.542787e-02
977.0 1.541922e-02
977.2 1.541057e-02
977.4 1.540193e-02
977.6 1.539330e-02
977.8 1.538467e-02
978.0 1.537604e-02
978.2 1.536742e-02
978.4 1.535881e-02
978.6 1.535020e-02
978.8 1.534160e-02
979.0 1.533301e-02
979.2 1.532442e-02
979.4 1.531584e-02
979.6 1.530727e-02
979.8 1.529870e-02
980.0 1.529014e-02
980.2 1.528158e-02
980.4 1.527304e-02
980.6 1.526450e-02
980.8 1.525597e-02
981.0 1.524745e-02
981.2 1.523893e-02
981.4 1.523042e-02
981.6 1.522192e-02
981.8 1.521343e-02
982.0 1.520494e-02
982.2 1.519645e-02
982.4 1.518797e-02
982.6 1.517949e-02
982.8 1.517102e-02
983.0 1.516255e-02
983.2 1.515409e-02
983.4 1.514564e-02
983.6 1.513719e-02
983.8 1.512874e-02
984.0 1.512031e-02
984.2 1.511188e-02
984.4 1.510346e-02
984.6 1.509504e-02
984.8 1.508664e-02
985.0 1.507824e-02
985.2 1.506985e-02
985.4 1.506146e-02
985.6 1.505309e-02
985.8 1.504471e-02
986.0 1.503634e-02
986.2 1.502798e-02
986.4 1.501962e-02
986.6 1.501127e-02
986.8 1.500292e-02
987.0 1.499457e-02
987.2 1.498623e-02
987.4 1.497790e-02
987.6 1.496957e-02
987.8 1.496125e-02
988.0 1.495293e-02
988.2 1.494462e-02
988.4 1.493631e-02
988.6 1.492802e-02
988.8 1.491972e-02
989.0 1.491144e-02
989.2 1.490316e-02
989.4 1.489489e-02
989.6 1.488663e-02
989.8 1.487837e-02
990.0 1.487012e-02
990.2 1.486188e-02
990.4 1.485364e-02
990.6 1.484541e-02
990.8 1.483719e-02
991.0 1.482897e-02
991.2 1.482076e-02
991.4 1.481255e-02
991.6 1.480435e-02
991.8 1.479615e-02
992.0 1.478796e-02
992.2 1.477977e-02
992.4 1.477158e-02
992.6 1.476340e-02
992.8 1.475523e-02
993.0 1.474706e-02
993.2 1.473890e-02
993.4 1.473075e-02
993.6 1.472260e-02
993.8 1.471446e-02
994.0 1.470633e-02
994.2 1.469821e-02
994.4 1.469009e-02
994.6 1.468198e-02
994.8 1.467387e-02
995.0 1.466577e-02
995.2 1.465768e-02
995.4 1.464959e-02
995.6 1.464150e-02
995.8 1.463342e-02
996.0 1.462534e-02
996.2 1.461726e-02
996.4 1.460919e-02
996.6 1.460113e-02
996.8 1.459307e-02
997.0 1.458502e-02
997.2 1.457697e-02
997.4 1.456893e-02
997.6 1.456089e-02
997.8 1.455286e-02
998.0 1.454484e-02
998.2 1.453682e-02
998.4 1.452881e-02
998.6 1.452081e-02
998.8 1.451281e-02
999.0 1.450482e-02
999.2 1.449684e-02
999.4 1.448886e-02
999.6 1.448090e-02
999.8 1.447293e-02
